#################################### 
# Matrix Size= (200,200,200)
# Resol      = (200,1,1)
# VoxelSize  = (1,200,200)
# nbVal      = 200
#################################### 
268.1459209
275.0461922
200.5757274
259.6513045
216.4880822
186.7935109
277.0920628
273.7210622
248.1788468
330.6874768
296.1294151
331.8745546
358.9476882
302.57457
332.9483307
416.8854473
402.0534934
434.3192164
516.3343048
591.9075415
851.8960261
1139.992181
59.93749615
0
0
0
0
0
0
0
0
0
0
0
0
0
0
0
0
0
0
0
0
0
0
0
0
0
0
0
0
0
0
0
0
0
0
0
0
0
0
0
0
0
0
0
0
0
0
0
0
0
0
0
0
0
0
0
0
0
0
0
0
0
0
0
0
0
0
0
0
0
0
0
0
0
0
0
0
0
0
0
0
0
0
0
0
0
0
0
0
0
0
0
0
0
0
0
0
0
0
0
0
0
0
0
0
0
0
0
0
0
0
0
0
0
0
0
0
0
0
0
0
0
0
0
0
0
0
0
0
0
0
0
0
0
0
0
0
0
0
0
0
0
0
0
0
0
0
0
0
0
0
0
0
0
0
0
0
0
0
0
0
0
0
0
0
0
0
0
0
0
0
0
0
0
0
0
0
0
