#################################### 
# Matrix Size= (1000,1000,4)
# Resol      = (1,1,300)
# VoxelSize  = (1000,1000,0.0133333)
# nbVal      = 300
#################################### 
0
0
0
0
0
0
0
0
0
0
0
0
0
0
0
0
0
0
0
0
0
0
0
0
0
0
0
0
0
0
0
0
0.01164447169
0
0
0
0
0
0
0
0
0
0
0
0
0
0
0
0
0
0
0
0
0
0
0.02448920402
0
0
0
0
0
0
0
0
0
0
0
0
0
0
0
0
0
0
0
0
0
0
0
0
0
0
0
0
0
0
0
0
0
0
0
0
0
0.01932162561
0
0
0
0
0
0
0
0
0
0.02438911214
0
0
0
0
0
0.01687276948
0
0
0
0
0
0
0
0
0
0
0
0
0
0
0
0
0
0
0.01184409193
0
0
0
0
0
0
0
0
0
0
0
0
0
0
0
0
0
0
0
0
0
0
0.01332773993
0
0.01669025102
0
0
0
0
0
0
0.01922508474
0
0
0
0
0
0.2892686807
0.0865025199
0
0
0
0.2451212914
0
0.1339905775
0.25899963
0.3409067599
0.3892587565
0.864559026
0.96312901
0.8362860806
0.5423720324
0.7023496873
1.874111059
2.023881846
0.7735363066
2.613857946
2.515292731
2.463173522
1.622354686
1.801434669
3.618641283
3.495138179
4.828982302
3.819333466
6.079469417
5.691725956
6.216258849
9.171433893
6.774205933
5.551942039
8.349604274
9.28678119
7.410167314
6.958096403
10.54780989
10.49958494
12.11021507
9.949809555
10.76855147
11.74948992
10.95295122
13.08612711
13.73975887
12.11768422
18.6590787
15.15061301
15.77838435
13.29349645
14.54000962
17.70985099
16.7491663
14.32869193
14.53922621
18.38988835
17.29292988
14.87759421
15.66331883
17.86408561
17.58909117
15.3104622
19.38104001
15.73799902
15.78645773
15.68009584
16.77192184
17.54968681
18.21580482
14.89458009
18.33283579
17.93667733
15.63056457
17.20805085
16.7691877
17.29433415
16.21563602
22.02677176
16.65729592
16.91636341
16.98489017
19.20764875
16.31457045
16.15674222
17.33134385
19.01140149
16.58954542
14.85207016
15.73869938
15.78992305
14.7029529
14.20837101
15.83792421
14.6783122
13.9970401
14.8883305
13.20636782
14.97075487
13.95526661
14.17488644
14.85572667
14.17560432
11.80551705
12.20212476
13.73404936
13.56302368
13.78793143
12.65336048
12.69587116
11.61018717
11.72492601
11.86700777
12.15600619
13.05012063
11.62286683
10.4662605
12.23542075
10.50348038
10.28294307
10.79174251
9.902118788
10.70216437
10.82989435
10.35900272
9.26206255
9.112667162
9.99540233
10.49329721
9.991233702
9.002883573
9.668934486
9.002511367
