#################################### 
# Matrix Size= (200,200,200)
# Resol      = (200,1,1)
# VoxelSize  = (1,200,200)
# nbVal      = 200
#################################### 
39.34015872
52.2671739
108.3357034
149.7349511
90.62724661
69.9469487
88.28976364
46.01749001
123.5799815
15.60521238
74.58068219
63.18148602
33.1262383
96.47116269
47.89721609
43.87051569
34.90318968
126.9191085
104.3594956
61.94976446
43.90653694
91.88662133
69.43626776
62.25614843
21.97877586
143.2001156
31.02285244
22.35244129
63.1787921
164.9803977
81.37644174
93.41580842
35.93433426
125.7123421
31.31305154
41.98651699
88.07826108
85.9126826
105.3653048
23.23893858
216.5292858
78.73399567
82.85019766
84.88349881
46.9069274
129.5197
42.93257933
66.99306285
181.5315317
177.425846
157.7176696
38.45126006
126.466595
46.70131406
117.257325
28.2111456
53.14451943
141.9545866
31.70756668
181.8057458
80.56470405
77.98025681
57.0320758
103.9073871
94.80923371
89.70406762
29.30497326
9.067738802
95.54854629
62.85378398
75.68602645
55.19347961
98.32755564
33.9952462
63.28254206
146.8658312
125.2394106
43.13775132
95.4710074
178.6363003
244.4161947
24.28761539
24.64345161
165.9488441
118.3010201
63.55595824
50.71027602
78.56341705
144.2597901
116.3625932
120.9515812
41.14416061
60.34463361
145.4910671
126.1515077
26.96641248
10.57463815
94.33424162
21.14146216
88.14074876
47.54174889
51.408809
117.0879787
44.88761623
51.37002591
35.77550873
95.93120007
44.82760838
16.45075597
66.23408169
24.80018505
47.38956282
61.02392377
74.79118639
66.53125757
34.62326896
177.0331785
106.2137981
52.08919984
72.82647802
98.72378003
46.44313561
31.8926043
61.56749628
105.2145055
53.54610658
174.4074657
136.3874099
142.1313558
33.55982095
109.4480571
137.4701579
123.872338
139.0153291
101.039589
116.9262439
88.74757399
25.85293804
57.99874797
73.03641532
144.588284
85.32218301
30.09359605
85.26193531
159.3064936
260.1650773
101.9589079
62.37313808
71.83333584
43.6189531
32.98697809
125.1677436
84.67890225
80.07574864
81.081883
54.76855847
116.0653979
94.50735072
22.29832575
54.87828699
63.68347864
67.95270922
102.8075789
87.23074997
66.73018764
61.13694013
63.4170271
209.6627802
91.23064098
45.46055199
98.21861368
139.0615269
35.60459577
24.51897285
154.8170909
76.82603246
24.24155769
25.682263
131.414328
173.5269065
60.20448058
53.16737204
49.25571783
158.3203201
76.52825346
45.7674832
104.2835393
80.38895994
73.05723644
130.5069857
102.8322654
96.45865811
68.53833553
35.07827328
144.8185862
40.4837834
91.39436186
124.9536993
145.5546537
82.69697904
