#################################### 
# Matrix Size= (200,200,200)
# Resol      = (200,1,1)
# VoxelSize  = (1,200,200)
# nbVal      = 200
#################################### 
557.4553313
899.2541155
835.8498395
768.9389968
943.253354
602.4074372
564.2924439
848.4778254
821.6587793
723.0573972
792.7771644
932.857112
785.5721993
1082.090521
915.0748906
892.2724401
775.3086239
972.7373376
934.7867925
1004.856418
764.4577454
916.8184576
703.871693
729.6437764
644.573514
1008.823913
885.3515854
622.0864851
795.4115824
896.5617477
732.4624947
676.091115
647.68849
963.8969276
650.3844898
695.8751067
681.7623247
626.0560679
957.3337203
773.7085547
959.2972129
1020.205851
666.1523076
689.5961763
796.0891603
834.9949734
739.1665481
930.75984
1049.797051
981.4304148
1017.282834
634.9095721
962.4195789
741.0587562
667.3250154
711.5636723
595.9245196
996.154719
561.7109003
911.3001351
934.0077562
875.1225937
500.0992608
712.5052652
825.4973039
835.2709521
809.6959079
787.7814597
1013.465108
1076.336664
716.2894072
846.2780637
752.0591764
787.2541515
664.7208275
876.6394193
1132.564803
632.4112202
654.0147829
980.0504633
1033.711778
650.889543
747.9086593
1028.533041
842.3394623
615.4063918
780.8452983
613.1036501
896.442568
974.5557636
805.1048741
1058.681457
885.5823158
773.460169
865.2491249
772.8260713
818.1962936
880.608988
620.3442771
873.5615122
1032.679716
731.7658182
1098.372904
703.0231079
781.9520795
777.5852764
989.0338107
740.2380405
991.9960858
886.2504712
882.4639929
728.9128028
809.8371182
916.7089125
805.9752999
1005.461237
1261.287184
739.6230883
751.9722372
696.7899369
845.36922
724.6773508
727.4272282
824.305584
705.068191
864.5878896
1202.444673
588.6688088
756.3594626
694.3351146
970.1998975
722.2277732
855.6092578
800.7551421
832.3631629
910.3514439
1039.415988
848.173925
1085.963636
1003.734037
833.7656709
806.3035737
651.8713186
951.6862976
1021.063771
893.6017366
814.4944408
1165.465131
663.697398
715.0298328
891.6967222
1086.445027
667.288336
803.5964144
957.4636008
788.6605328
798.8495654
948.5965532
917.1528999
792.1033466
1077.992674
838.5404287
876.2904053
806.1630274
995.4526947
845.0676751
675.237378
1103.158946
959.7103846
1010.959325
1089.979641
1038.131353
639.0494102
656.8116461
946.0012158
793.2395599
813.226475
745.1283448
813.6863172
699.3821737
560.6520547
1049.125035
683.235197
816.4481802
744.2899721
782.8912448
1082.363875
940.0934288
916.1575171
854.3574905
944.5390556
884.0264317
820.3713989
714.611837
872.8108217
826.772849
771.6956241
1029.218678
819.6067497
929.058759
