#################################### 
# Matrix Size= (200,200,200)
# Resol      = (200,1,1)
# VoxelSize  = (1,200,200)
# nbVal      = 200
#################################### 
2322.196692
2372.635261
2450.916271
2390.54807
2421.664394
2555.659937
2641.516905
2541.420034
3128.323924
2744.414124
2829.395013
3294.775675
3123.438006
3464.21733
3473.23724
3780.860443
4151.945841
4667.838576
5146.960685
6013.09283
8053.356826
11913.81314
732.4128729
0
0
0
0
0
0
0
0
0
0
0
0
0
0
0
0
0
0
0
0
0
0
0
0
0
0
0
0
0
0
0
0
0
0
0
0
0
0
0
0
0
0
0
0
0
0
0
0
0
0
0
0
0
0
0
0
0
0
0
0
0
0
0
0
0
0
0
0
0
0
0
0
0
0
0
0
0
0
0
0
0
0
0
0
0
0
0
0
0
0
0
0
0
0
0
0
0
0
0
0
0
0
0
0
0
0
0
0
0
0
0
0
0
0
0
0
0
0
0
0
0
0
0
0
0
0
0
0
0
0
0
0
0
0
0
0
0
0
0
0
0
0
0
0
0
0
0
0
0
0
0
0
0
0
0
0
0
0
0
0
0
0
0
0
0
0
0
0
0
0
0
0
0
0
0
0
0
