#################################### 
# Matrix Size= (200,200,200)
# Resol      = (200,1,1)
# VoxelSize  = (1,200,200)
# nbVal      = 200
#################################### 
4908.654498
4081.890282
5180.347613
4903.828835
4429.588513
4669.680125
5127.370101
4689.896568
4596.118095
5083.767762
5047.093196
5373.38972
5448.02109
5023.700021
5095.499219
5945.408235
4629.448972
5098.78648
5026.085648
4527.185809
5270.782527
4849.910591
5571.731976
5038.151944
5470.216364
4795.241177
5960.569363
5626.352599
5140.459841
4487.367203
5437.421376
4780.706172
4826.870426
4924.437311
5472.575067
5455.654808
4793.994839
5368.216006
5274.581834
5363.536766
4787.538882
4684.756408
5461.592602
5184.081599
4425.866882
4646.013683
5504.320263
5278.359917
5267.935587
5073.077042
5434.777286
5465.066751
5065.160766
5581.904218
4770.861801
5436.082286
4861.556065
5002.121555
4919.299266
5151.746491
5268.897423
5580.265099
5186.434581
5772.278442
5261.122193
5158.675144
4530.714503
4661.316798
4508.84546
4201.712792
4836.23391
5661.649652
4869.35556
5121.942008
5305.166016
5369.029268
5237.741036
4605.766696
4807.215357
5219.795457
5289.201667
6322.378733
4823.089839
5651.670529
4637.477455
5804.361097
5568.798046
5254.716143
5001.262729
5388.487295
4590.937613
5043.441774
5177.459335
5107.973392
5261.815132
4956.648744
5006.09863
5486.448855
5094.671147
4967.041404
4734.986594
5733.787474
4777.301977
5383.017859
5367.166011
6056.580132
5186.615616
5427.239901
5109.374686
4869.131993
5223.377717
4652.742387
5040.239526
5464.826506
5548.147696
5388.91701
5300.186127
5598.185276
5593.672269
4790.954413
5624.685521
5323.756505
5048.790187
5333.536321
5705.021416
4772.87964
5470.595314
4460.6085
5176.939443
4681.427069
4741.675725
5415.781564
4888.012352
4977.690903
6256.256517
4747.474991
4616.911292
5767.250874
5133.083138
5363.914125
4933.182507
5247.761981
4824.985747
4815.566647
5743.482363
4910.582655
4995.869076
5950.013968
5588.403227
5128.81971
4934.888136
5400.379192
5313.522383
5758.885477
5110.770893
5322.121917
5401.028094
5534.136742
5033.267418
5233.426361
5373.734864
5493.331027
4913.668295
4781.242356
6029.489962
5665.091253
5349.540617
4890.608158
4623.596474
5419.946921
4844.282667
5629.331949
4683.466341
4655.584517
5456.686183
5003.796826
5267.065027
4751.451836
5316.366725
5810.822997
5455.356892
5053.517975
5004.50187
4952.932191
5248.145332
5395.624672
5049.451854
4751.678224
5076.873978
5145.989259
5308.110461
5414.762972
5249.58869
5092.102695
5002.308079
5600.029745
5141.990213
4998.723088
5556.046115
5240.963615
