#################################### 
# Matrix Size= (200,200,200)
# Resol      = (200,1,1)
# VoxelSize  = (1,200,200)
# nbVal      = 200
#################################### 
15961.81887
17204.49198
15889.99639
15673.37495
16933.73154
17561.04438
18485.71781
17756.89328
19845.99632
19240.19457
19926.85088
22045.31463
22155.03029
22761.54283
24486.75631
26285.87755
28724.02379
31030.42408
35392.85926
41304.37812
55419.75601
80780.22049
5477.219264
0
0
0
0
0
0
0
0
0
0
0
0
0
0
0
0.03015827154
0
0
0
0
0
0
0
0
0
0
0
0
0
0
0
0
0
0
0
0
0
0
0
0
0
0
0
0
0
0
0
0
0
0
0
0
0
0
0
0
0
0
0
0
0
0
0
0
0
0
0
0
0
0
0
0
0
0
0
0
0
0
0
0
0
0
0
0
0
0
0
0
0
0
0
0
0
0
0
0
0
0
0
0
0
0
0
0
0
0
0
0
0
0
0
0
0
0
0
0
0
0
0
0
0
0
0
0
0
0
0
0
0
0
0
0
0
0
0
0
0
0
0
0
0
0
0
0
0
0
0
0
0
0
0
0
0
0
0
0
0
0
0
0
0
0
0
0
0
0
0
0
0
0
0
0
0
0
0
0
0
